0     -23     -23     -23     0
 1     -16101     -16101     -8062     -425
 2     -37     -37     -8069     -5
 3     -122     -122     -79     -40
 4     -68     -68     -95     -22
 5     -16268     -16268     -8168     -2285
 6     -32     -23274     -8150     -25268
 7     -13     -20594     -22     -24844
 8     -16323     -23310     -8168     -27132
 9     -44     -23296     -8183     -27106
 10     -16280     -26000     -8162     -32506
 11     -16301     -26006     -16290     -32510
 12     -16304     -28718     -16302     32596
 13     -16257     -31424     -16280     32168
 14     -114     -28722     -8185     -31092
 15     -72     -28726     -93     -31100
 16     -16304     -28728     -8188     -31108
 17     -16329     -28734     -16316     -31112
 18     -16349     -28742     -16339     -31112
 19     -104     -26048     -8226     -30686
 20     -128     -26050     -116     -30688
 21     -16279     -28750     -8203     29450
 22     -16285     -28746     -16282     29456
 23     -16260     -28734     -16272     29466
 24     -124     -26030     -8192     29892
 25     -16283     -28726     -8203     29464
 26     -16310     -31422     -16296     27188
 27     -109     -28728     -8209     32574
 28     -16276     -28726     -8192     32576
 29     -16296     -28730     -16286     32572
 30     -84     -28722     -8190     32574
 31     -69     -26018     -76     -32532
 32     -127     -23322     -98     -30256
 33     -16096     -25986     -8111     29956
 34     -16309     -25992     -16202     29944
 35     -16264     -25984     -16286     29948
 36     -16309     -28688     -16286     29520
 37     -16273     -31390     -16291     29092
 38     -116     -31386     -8194     29092
 39     -16381     -31434     -8248     28996
 40     -110     -28736     -8245     -31144
 41     -16276     -28738     -8193     -31146
 42     -122     -26042     -8199     -30720
 43     -16380     -26062     -8251     -30724
 44     -16257     -28752     -16318     32544
 45     -16280     -28736     -16268     32578
 46     -29     -28722     -8154     32604
 47     -16285     -28726     -8157     32602
 48     -16016     -31374     -16150     32182
 49     -16333     -31366     -16174     32184
 50     -96     -28672     -8214     -31080
 51     -40     -25962     -68     -25672
 52     -16271     -28670     -8155     -31084
 53     -16293     -28670     -16282     -31084
 54     -16032     -28672     -16162     -31084
 55     -16297     -28666     -16164     -31082
 56     -16288     -31366     -16292     32180
 57     -16312     31456     -16300     26760
 58     -16333     31446     -16322     26740
 59     -121     -31398     -8227     29012
 60     -16360     -31450     -8240     29004
 61     -16125     -31422     -16242     29008
 62     -16284     -31422     -16204     29008
 63     -16321     -31424     -16302     29004
 64     -80     -28714     -8200     -31118
 65     -16274     -31406     -8177     32150
 66     -65     -28688     -8169     32580
 67     -41     -26008     -53     -32532
 68     -16265     -26006     -8153     -32528
 69     -43     -23294     -8154     -27106
 70     -116     -23298     -79     -27118
 71     -16297     -23304     -8206     -27120
 72     -16293     -26008     -16295     -27550
 73     -112     -26018     -8202     -27550
 74     -16265     -26018     -8188     -27548
 75     -16290     -28726     -16277     32576
 76     -48     -28714     -8169     32600
 77     -84     -26010     -66     -30660
 78     -16328     -26016     -8206     -30660
 79     -16012     -28666     -16170     -31080
 80     -16288     -28670     -16150     -31084
 81     -16291     -28670     -16289     -31084
 82     -45     -28670     -8168     -31082
 83     -16276     -31368     -8160     32178
 84     -16281     -31360     -16278     32180
 85     -4     -28690     -8142     32602
 86     -120     -25994     -62     -30662
 87     -48     -23288     -84     -25252
 88     -16292     -25994     -8170     -30664
 89     -16264     -25994     -16278     -30664
 90     -16276     -25992     -16270     -30664
 91     -22     -25994     -8149     -30664
 92     -16297     -28690     -8159     32600
 93     -24     -28688     -8160     32608
 94     -39     -25978     -31     -27514
 95     -16265     -25982     -8152     -27512
 96     -16305     -25986     -16285     -27514
 97     -50     -25992     -8177     -27516
 98     -112     -23294     -81     -25244
 99     -16297     -26008     -8204     -30664
 100     -16004     -28670     -16150     29554
