0     -16316     -16316     -16316     -16316
 1     -16257     -16257     -16286     -16257
 2     -16012     -16012     -16134     -16012
 3     -16083     -16083     -16047     -16083
 4     -16314     -16314     -16198     -16314
 5     -16574     -16574     -16444     -16574
 6     -16513     -16259     -16543     -16133
 7     -15543     -16292     -16028     -16138
 8     -16032     -16173     -15787     -16037
 9     -16341     -16176     -16186     -16044
 10     -16548     -16219     -16444     -16130
 11     -16005     -16258     -16276     -16162
 12     -16112     -16163     -16058     -16147
 13     -16513     -16096     -16312     -16137
 14     -16268     -16258     -16390     -16274
 15     -16293     -16297     -16280     -16352
 16     -16048     -16289     -16170     -16336
 17     -16297     -16206     -16172     -16266
 18     -16368     -16255     -16332     -16274
 19     -16300     -16297     -16334     -16281
 20     -16329     -16262     -16314     -16251
 21     -16122     -16272     -16225     -16272
 22     -16037     -16244     -16079     -16215
 23     -16584     -16242     -16310     -16214
 24     -16312     -16290     -16448     -16221
 25     -16103     -16280     -16207     -16219
 26     -16315     -16247     -16209     -16191
 27     -16337     -16245     -16326     -16186
 28     -16292     -16281     -16314     -16257
 29     -16302     -16323     -16297     -16293
 30     -16325     -16276     -16313     -16286
 31     -16313     -16279     -16319     -16286
 32     -16306     -16314     -16309     -16315
 33     -16126     -16312     -16216     -16312
 34     -16301     -16277     -16213     -16242
 35     -16289     -16278     -16295     -16243
 36     -16585     -16276     -16437     -16243
 37     -16336     -16320     -16460     -16250
 38     -16049     -16323     -16192     -16254
 39     -16041     -16281     -16045     -16168
 40     -16313     -16266     -16177     -16140
 41     -16617     -16268     -16465     -16141
 42     -16269     -16323     -16443     -16149
 43     -16121     -16270     -16195     -16141
 44     -16265     -16235     -16193     -16111
 45     -16105     -16271     -16185     -16183
 46     -16352     -16281     -16228     -16204
 47     -16085     -16288     -16218     -16210
 48     -16021     -16199     -16053     -16196
 49     -16336     -16158     -16178     -16189
 50     -16377     -16194     -16356     -16219
 51     -16293     -16212     -16335     -16257
 52     -15860     -16244     -16076     -16320
 53     -16104     -16162     -15982     -16251
 54     -16312     -16165     -16208     -16252
 55     -16516     -16213     -16414     -16260
 56     -16260     -16243     -16388     -16285
 57     -16108     -16224     -16184     -16246
 58     -16375     -16193     -16241     -16184
 59     -16352     -16279     -16363     -16256
 60     -16363     -16320     -16357     -16262
 61     -16008     -16329     -16185     -16263
 62     -16053     -16244     -16030     -16192
 63     -16341     -16209     -16197     -16123
 64     -16596     -16248     -16468     -16201
 65     -16329     -16285     -16462     -16232
 66     -16272     -16281     -16300     -16232
 67     -16040     -16266     -16156     -16230
 68     -16340     -16271     -16190     -16234
 69     -16280     -16319     -16310     -16329
 70     -16381     -16309     -16330     -16308
 71     -16081     -16273     -16231     -16278
 72     -16105     -16232     -16093     -16271
 73     -16628     -16204     -16366     -16267
 74     -16288     -16302     -16458     -16350
 75     -16012     -16293     -16150     -16333
 76     -16072     -16249     -16042     -16244
 77     -16345     -16197     -16208     -16201
 78     -16337     -16241     -16341     -16208
 79     -16065     -16280     -16201     -16214
 80     -16046     -16186     -16055     -16135
 81     -16119     -16146     -16082     -16054
 82     -16340     -16164     -16229     -16090
 83     -16338     -16208     -16339     -16127
 84     -16337     -16207     -16337     -16127
 85     -16113     -16207     -16225     -16127
 86     -16294     -16215     -16203     -16133
 87     -16351     -16256     -16322     -16216
 88     -16263     -16295     -16307     -16293
 89     -16304     -16282     -16283     -16282
 90     -16285     -16277     -16294     -16281
 91     -16080     -16268     -16182     -16279
 92     -16346     -16262     -16213     -16275
 93     -16536     -16271     -16441     -16292
 94     -16269     -16302     -16402     -16354
 95     -16298     -16303     -16283     -16355
 96     -16312     -16302     -16305     -16355
 97     -16296     -16306     -16304     -16356
 98     -16311     -16342     -16303     -16386
 99     -16268     -16337     -16289     -16375
 100     -16124     -16292     -16196     -16285