0     -16377     -16377     -16377     137
 1     -16308     -16308     -16342     136
 2     -16356     -16356     -16332     700
 3     -104     -104     -8230     12
 4     -96     -96     -100     -78
 5     -16277     -16277     -8186     2010
 6     -113     -21625     -8195     4
 7     -116     -18927     -114     -5341
 8     -49     -16209     -82     -5477
 9     -16356     -18918     -8202     -5477
 10     -108     -18920     -8232     -5476
 11     -16308     -18925     -8208     -18799
 12     -88     -18921     -8198     -20799
 13     -16312     -21620     -8200     -20105
 14     -16304     -24329     -16308     -19969
 15     -16280     -24316     -16292     -19833
 16     -16298     -27015     -16289     -19836
 17     -16380     -27027     -16339     -17827
 18     -16283     -29726     -16331     -17807
 19     -16264     -29718     -16273     -15809
 20     -16341     -29724     -16302     -15808
 21     -16258     -29720     -16299     -15808
 22     -16313     -29723     -16285     -15807
 23     -16334     -29715     -16323     -15805
 24     -16272     -29713     -16303     -15818
 25     -101     -27020     -8186     -2520
 26     -33     -24302     -67     -4524
 27     -16336     -24315     -8184     -4524
 28     -84     -21610     -8210     -4660
 29     -89     -18902     -86     -4797
 30     -16292     -18906     -8190     -4799
 31     -16265     -21600     -16278     -4800
 32     -16297     -24310     -16281     -18109
 33     -16280     -24301     -16288     -16103
 34     -16321     -27007     -16300     -16104
 35     -72     -27004     -8196     -16104
 36     -16272     -27001     -8172     -15968
 37     -16293     -27006     -16282     -15968
 38     -16260     -26999     -16276     -15968
 39     -111     -24305     -8185     -2667
 40     -16320     -24304     -8215     -2662
 41     -16320     -27012     -16320     -2662
 42     -108     -24318     -8214     -2662
 43     -120     -21623     -114     -2797
 44     -13     -18915     -66     -3494
 45     -120     -18917     -66     -5488
 46     -16040     -18870     -8080     -18578
 47     -25     -16154     -8032     -20590
 48     -112     -16155     -68     -21284
 49     -20     -16138     -66     -21284
 50     -16563     -18896     -8291     -21146
 51     -16088     -21558     -16325     -20458
 52     -16292     -21600     -16190     -18460
 53     -112     -21614     -8202     -5371
 54     -110     -21614     -111     -5361
 55     -128     -21632     -119     -5360
 56     -37     -18878     -82     -5360
 57     -16258     -18906     -8147     -5363
 58     -8     -16192     -8133     -6051
 59     -16303     -18890     -8155     -6050
 60     -16116     -21558     -16209     -19202
 61     -83     -21551     -8099     -19205
 62     -16261     -24255     -8172     -18515
 63     -16048     -24220     -16154     -18381
 64     -16264     -26929     -16156     -18381
 65     -97     -24228     -8180     -18377
 66     -16321     -24262     -8209     -18375
 67     -16339     -26971     -16330     -18558
 68     -25     -24265     -8182     -18565
 69     -16305     -24308     -8165     -18563
 70     -34     -21603     -8169     -18697
 71     -16265     -24298     -8149     -18697
 72     -49     -21586     -8157     -18699
 73     -65     -18874     -57     -20706
 74     -16320     -21589     -8192     -20690
 75     -16276     -21585     -16298     -18683
 76     -16276     -24292     -16276     -18684
 77     -16073     -24260     -16174     -18549
 78     -16361     -26978     -16217     -18548
 79     -16309     -29686     -16335     -17852
 80     -64     -26976     -8186     -17853
 81     -16076     -26943     -8070     -17653
 82     -16357     -26956     -16216     -17643
 83     -102     -24295     -8229     -18335
 84     -44     -21575     -73     -18470
 85     -45     -18864     -44     -18607
 86     -16313     -21573     -8179     -18607
 87     -112     -18912     -8212     -18601
 88     -92     -16201     -102     -5465
 89     -20     -16187     -56     -7483
 90     -16293     -18896     -8156     -6790
 91     -16284     -21602     -16288     -6654
 92     -16321     -21603     -16302     -6517
 93     -16313     -24304     -16317     -6517
 94     -60     -24298     -8186     -6523
 95     -16350     -27020     -8205     -19884
 96     -113     -24323     -8231     -19873
 97     -16296     -24325     -8204     -19873
 98     -16280     -24318     -16288     -19873
 99     -89     -21614     -8184     -20010
 100     -16585     -24369     -8337     -19999
