 0     -16273     -16273     -16273     -429
 1     -16257     -16257     -16265     -2284
 2     -41     -41     -8149     -13
 3     -16337     -16337     -8189     -5441
 4     -16116     -16116     -16226     -2264
 5     -97     -97     -8106     -2
 6     -16321     -12044     -8209     -1213
 7     -16300     -12036     -16310     -1219
 8     -95     -12028     -8197     -1237
 9     -1     -12020     -48     -4204
 10     -93     -14742     -47     -6455
 11     -108     -17412     -100     -6455
 12     -56     -17410     -82     -6884
 13     -91     -20120     -73     -9162
 14     -65     -22822     -78     -9172
 15     -16296     -22828     -8180     -3744
 16     -92     -20112     -8194     -3745
 17     -16289     -20112     -8190     -3317
 18     -16304     -17416     -16296     -2888
 19     -16281     -14708     -16292     -613
 20     -16270     -12008     -16275     -4785
 21     -16260     -9308     -16265     -4773
 22     -128     -9314     -8194     -4778
 23     -16352     -9308     -8240     -4779
 24     -16277     -9298     -16314     -4778
 25     -128     -9302     -8202     -2508
 26     -12     -11994     -70     -2908
 27     -110     -14704     -61     -8288
 28     -16340     -17394     -8225     -6010
 29     -16301     -14692     -16320     -6011
 30     -16263     -14700     -16282     -6011
 31     -125     -14704     -8194     -6011
 32     -16009     -14704     -8067     -682
 33     -92     -12038     -8050     -688
 34     -124     -12042     -108     -2966
 35     -121     -14744     -122     -3393
 36     -16276     -17440     -8198     -3393
 37     -16289     -17440     -16282     -1122
 38     -104     -14746     -8196     -6420
 39     -16269     -17396     -8186     -1031
 40     -121     -14700     -8195     -1031
 41     -16125     -14702     -8123     -609
 42     -16264     -12034     -16194     -609
 43     -16272     -12036     -16268     -611
 44     -16     -12038     -8144     -640
 45     -104     -12052     -60     -6025
 46     -52     -14748     -78     -6035
 47     -116     -14760     -84     -6457
 48     -16284     -17428     -8200     -6457
 49     -113     -17426     -8198     -8728
 50     -16281     -20120     -8197     -3310
 51     -16275     -17408     -16278     -2077
 52     -16024     -14714     -16149     -4321
 53     -117     -12052     -8070     -4321
 54     -16292     -12052     -8204     -4322
 55     -16280     -12050     -16286     -6594
 56     -16269     -9356     -16274     -6590
 57     -16281     -9356     -16275     -6592
 58     -125     -9356     -8203     -4358
 59     -112     -12004     -118     -4357
 60     -35     -12006     -73     -3927
 61     -16379     -14716     -8207     -3941
 62     -16313     -14700     -16346     -3955
 63     -113     -14694     -8213     -1431
 64     -66     -17388     -89     -1439
 65     -97     -17400     -81     -1439
 66     -42     -17402     -69     -1438
 67     -16262     -17400     -8152     -1455
 68     -16320     -17420     -16291     -1452
 69     -16321     -17418     -16320     -3947
 70     -120     -14716     -8220     -3954
 71     -48     -14708     -84     -3953
 72     -16296     -14716     -8172     -4382
 73     -92     -12006     -8194     -2110
 74     -73     -14700     -82     -3302
 75     -17     -17408     -45     -8733
 76     -16298     -20126     -8157     -6460
 77     -41     -17430     -8169     -6460
 78     -16275     -17432     -8158     -6461
 79     -16257     -17436     -16266     -4189
 80     -16349     -14740     -16303     -1232
 81     -16357     -12028     -16353     -6675
 82     -116     -9304     -8236     -4402
 83     -16321     -12000     -8218     -4831
 84     -16032     -9286     -16176     -4825
 85     -128     -9326     -8080     -2558
 86     -16275     -12014     -8201     -2534
 87     -102     -12028     -8188     -2881
 88     -16276     -14736     -8189     -611
 89     -113     -12044     -8194     -1039
 90     -16281     -14746     -8197     -1033
 91     -16261     -14704     -16271     -1234
 92     -16048     -12016     -16154     -1158
 93     -128     -12052     -8088     -1167
 94     -16292     -12048     -8210     -1170
 95     -25     -12048     -8158     -1168
 96     -16265     -12062     -8145     -1168
 97     -99     -12064     -8182     -1103
 98     -16289     -14760     -8194     -1023
 99     -16269     -14720     -16279     -4354
 100     -88     -12028     -8178     -2077