0     -58     -58     -58     -1
 1     -76     -76     -67     -2
 2     -76     -76     -76     -10
 3     -1     -1     -38     0
 4     -76     -76     -38     -25
 5     -54     -54     -65     -7
 6     -85     14230     -69     -4418
 7     -16260     11532     -8172     -4845
 8     -64     11534     -8162     -4843
 9     -16293     8819     -8178     -10270
 10     -37     8826     -8165     -10257
 11     -16313     6116     -8175     -12541
 12     -110     6112     -8211     -12541
 13     -16358     6095     -8234     -12543
 14     -16120     3419     -16239     -14799
 15     -104     6117     -8112     -9406
 16     -57     6114     -80     -9412
 17     -16312     6114     -8184     -9412
 18     -90     6118     -8201     -9412
 19     -44     8837     -67     -8982
 20     -125     11502     -84     -6735
 21     -97     11504     -111     -6733
 22     -16341     8790     -8219     -12158
 23     -101     11491     -8221     -9881
 24     -16309     8788     -8205     -10309
 25     -16273     6083     -16291     -10737
 26     -116     6085     -8194     -10736
 27     -16084     3420     -8100     -16061
 28     -56     6135     -8070     -10636
 29     -16353     3426     -8204     -12919
 30     -124     6123     -8238     -12492
 31     -121     8815     -122     -12066
 32     -16297     6119     -8209     -14339
 33     -16293     6084     -16295     -14409
 34     -16324     3372     -16308     -19828
 35     -45     6090     -8184     -17537
 36     -81     6098     -63     -17536
 37     -16324     3397     -8202     -17963
 38     -120     6093     -8222     -15690
 39     -16284     6095     -8202     -15687
 40     -117     8796     -8200     -10288
 41     -16336     6081     -8226     -12577
 42     -53     6085     -8194     -12576
 43     -64     8795     -58     -12147
 44     -17     8813     -40     -12133
 45     -56     11517     -36     -6727
 46     -16281     8823     -8168     -12112
 47     -16344     8822     -16312     -12113
 48     -16289     6116     -16316     -12542
 49     -60     6117     -8174     -12542
 50     -16312     3401     -8186     -14831
 51     -97     3394     -8204     -14845
 52     -16264     3397     -8180     -14839
 53     -88     6106     -8176     -12555
 54     -16282     6107     -8185     -12554
 55     -16291     3402     -16286     -12983
 56     -123     6100     -8207     -10709
 57     -16276     3404     -8199     -16098
 58     -16289     3400     -16282     -16106
 59     -56     3405     -8172     -16101
 60     -116     6099     -86     -15675
 61     -28     8810     -72     -15245
 62     -16     8828     -22     -15230
 63     -128     11519     -72     -9851
 64     -24     14230     -76     -4433
 65     -127     14218     -75     -4443
 66     -16312     11519     -8219     -4870
 67     -16005     8856     -16158     -5292
 68     -97     8842     -8051     -5303
 69     -92     8848     -94     -5291
 70     -79     8839     -85     -5310
 71     -124     8840     -101     -5310
 72     -10     11557     -67     -4880
 73     -16280     11511     -8145     -4887
 74     -16268     8816     -16274     -7159
 75     -16281     6117     -16274     -12552
 76     -118     6111     -8199     -12565
 77     -16289     3417     -8203     -14836
 78     -16281     705     -16285     -15265
 79     -16289     703     -16285     -15266
 80     -16296     699     -16292     -15270
 81     -16337     689     -16316     -15288
 82     -16333     -2013     -16335     -20689
 83     -45     694     -8189     -18407
 84     -1     3408     -23     -17978
 85     -16349     3398     -8175     -17979
 86     -16292     3398     -16320     -17979
 87     -16328     3400     -16310     -17976
 88     -121     6102     -8224     -12576
 89     -16310     3391     -8215     -14861
 90     -56     3382     -8183     -14862
 91     -12     6105     -34     -14431
 92     -16121     6133     -8066     -14407
 93     -77     8842     -8099     -8994
 94     -16108     6177     -8092     -14319
 95     -16329     6174     -16218     -14322
 96     -16025     3512     -16177     -14744
 97     -13     3512     -8019     -14744
 98     -57     6190     -35     -12487
 99     -16297     3486     -8177     -17890
 100     -16332     3449     -16314     -17965
