0     -24     -24     -24     -7
 1     -16067     -16067     -8045     -5351
 2     -16303     -16303     -16185     -2290
 3     -121     -121     -8212     -3
 4     -16372     -16372     -8246     -432
 5     -115     -115     -8243     -16
 6     -16044     -23994     -8079     31811
 7     -38     -21322     -8041     -28386
 8     -43     -18612     -40     -26102
 9     -81     -18606     -62     -26101
 10     -45     -15884     -63     -25670
 11     -16336     -18588     -8190     -27949
 12     -97     -15930     -8216     -22637
 13     -16329     -18645     -8213     -28064
 14     -128     -18659     -8228     -28075
 15     -16277     -21359     -8202     -28502
 16     -16357     -24077     -16317     -28932
 17     -125     -21376     -8241     -26654
 18     -16336     -24082     -8230     -32063
 19     -122     -21381     -8229     -26664
 20     -16288     -24074     -8205     -28935
 21     -16353     -24087     -16320     -28937
 22     -113     -21380     -8233     -28508
 23     -16329     -24080     -8221     -30785
 24     -16     -21360     -8172     -25349
 25     -16329     -24061     -8172     -30748
 26     -16292     -24062     -16310     -30749
 27     -121     -21357     -8206     -30321
 28     -16308     -24056     -8214     -30749
 29     -16314     -24053     -16311     -30747
 30     -72     -24063     -8193     -30765
 31     -16261     -24051     -8166     -30742
 32     -16368     -24064     -16314     -30752
 33     -16313     -26763     -16340     -31179
 34     -16260     -26755     -16286     -31178
 35     -16269     -26747     -16264     -31171
 36     -51     -26744     -8160     -31164
 37     -48     -24042     -49     -25763
 38     -104     -21331     -76     -23478
 39     -16276     -21325     -8190     -23477
 40     -16298     -21331     -16287     -23478
 41     -16296     -21336     -16297     -23482
 42     -93     -21343     -8194     -23496
 43     -42     -21342     -67     -23494
 44     -16320     -24044     -8181     -25772
 45     -16296     -24048     -16308     -25773
 46     -16360     -24058     -16328     -25774
 47     -16296     -24058     -16328     -25774
 48     -16117     -26729     -16206     -31112
 49     -16301     -29438     -16209     29008
 50     -16285     -29433     -16293     29012
 51     -101     -26733     -8193     29440
 52     -97     -24023     -99     29869
 53     -16270     -24019     -8183     29873
 54     -16268     -24044     -16269     29823
 55     -16265     -24038     -16266     29835
 56     -120     -21344     -8192     32107
 57     -92     -21342     -106     32107
 58     -76     -21339     -84     32107
 59     -16275     -21339     -8175     32106
 60     -16276     -21341     -16275     32103
 61     -18     -18633     -8147     -28021
 62     -121     -18633     -69     -28022
 63     -91     -18633     -106     -28022
 64     -8     -18622     -49     -28020
 65     -16281     -18623     -8144     -28021
 66     -39     -15916     -8160     -22612
 67     -16264     -18624     -8151     -28024
 68     -60     -18614     -8162     -28015
 69     -93     -18614     -76     -28015
 70     -16257     -21322     -8175     -28444
 71     -16284     -21323     -16270     -28444
 72     -120     -21336     -8202     -28471
 73     -125     -18647     -122     -23095
 74     -16304     -21354     -8214     -25377
 75     -104     -21356     -8204     -25377
 76     -16260     -21356     -8182     -25377
 77     -16316     -21362     -16288     -25382
 78     -41     -21348     -8178     -25356
 79     -16277     -24040     -8159     -30736
 80     -16268     -24034     -16272     -30731
 81     -16313     -26736     -16290     -31159
 82     -94     -24042     -8203     -30732
 83     -105     -21340     -99     -28454
 84     -80     -21346     -92     -28467
 85     -115     -18653     -97     -23084
 86     -128     -15963     -121     -20816
 87     -16324     -15964     -8226     -20816
 88     -106     -15966     -8215     -20816
 89     -16264     -18660     -8185     -23087
 90     -16317     -21366     -16290     -28496
 91     -16304     -24064     -16310     31648
 92     -16280     -26756     -16292     29378
 93     -45     -24043     -8162     29807
 94     -16265     -26736     -8155     29380
 95     -16276     -26738     -16270     29379
 96     -16384     -26749     -16330     29357
 97     -16312     -26750     -16348     29354
 98     -123     -24058     -8217     31624
 99     -16378     -26780     -8250     31193
 100     -16285     -26783     -16331     31193
